0 0.48011857707509886 0.4572037914691943 0.06587615283267458 0.052962085308056926
0 0.6277602108036892 0.7736255924170616 0.13640316205533592 0.15890995260663493
0 0.5797101449275363 0.5687203791469194 0.13019762845849794 0.14774881516587682
0 0.6862714097496706 0.48090047393364926 0.07673254281949936 0.08642180094786736
0 0.8021343873517788 0.7081042654028435 0.16895915678524376 0.13101895734597147
0 0.7881949934123847 0.878175355450237 0.1457048748353095 0.1589099526066352
0 0.9380764163372859 0.8495260663507109 0.12384716732542819 0.16824644549763032
0 0.8726613965744401 0.6091469194312796 0.18600790513834 0.10035545023696688
0 0.7436231884057971 0.42722748815165873 0.1371805006587617 0.08225118483412318
0 0.14065876152832676 0.9355924170616113 0.10462450592885375 0.12879146919431286
0 0.6719367588932806 0.9363033175355451 0.08990777338603427 0.12739336492890993
0 0.2720289855072464 0.6913744075829383 0.3952569169960474 0.3010900473933648
0 0.24218708827404478 0.43559241706161134 0.05812911725955205 0.05156398104265401
0 0.9204479578392621 0.3777488151658768 0.1591040843214756 0.06691943127962087