0 0.4653129442428741 0.42201760745676103 0.06759122432536777 0.057789914403366296
0 0.6027078890936424 0.7276192778362212 0.14154914390321088 0.16890645553138242
0 0.5612932698382135 0.5262354831081976 0.13498217913274496 0.15729053658984624
0 0.6706984071220574 0.43060608155035507 0.07953114046328107 0.09204525627808366
0 0.779203843125981 0.6493186872067193 0.17320194438394654 0.14340137340962059
0 0.7597570361650842 0.82041134589068 0.15085085668318463 0.16958814499964042
0 0.91056620917261 0.7807777800335064 0.1292954928726862 0.1773227641968118
0 0.8529353886141845 0.5451926674057173 0.1892577162218102 0.11398730847048226
0 0.7297882783647387 0.3727299877579882 0.13984404121855504 0.09230465614219531
0 0.11036146726679993 0.9252840363773069 0.10879516076678998 0.1364590273634832
0 0.6416164435378922 0.88705946076339 0.09403315340604271 0.13398238607818802
0 0.249640204356993 0.6714383701167681 0.4050071176162531 0.33005702196522074
0 0.22808129669521426 0.4178433861756162 0.059798913934317265 0.05582405743635498
0 0.9082153159309749 0.310292455914577 0.16127113662365267 0.07857960411061189