0 0.12289533016461049 0.9726900620545247 0.08186108343679321 0.05461987589095056
0 0.39369451602673045 0.9190024007978957 0.144011622442 0.1123224600757386
0 0.5324238943682532 0.9649050488021486 0.06807509676042484 0.06847805405787788
0 0.5270736593051409 0.8415587963812193 0.060490370239575236 0.05226235781812619
0 0.4435520554837754 0.8361800594007514 0.05074804755259649 0.05935523845686967
0 0.4526723394549233 0.7649059914132273 0.10177348409128618 0.07791362607229034
0 0.549819930484941 0.6071893080696119 0.04562679116830089 0.04321679211027625
0 0.5891376841804369 0.671458949474936 0.06694395067372733 0.04512761786380255
0 0.6350737968972373 0.7621194627237615 0.07174971256046277 0.09914952922507314
0 0.7018526256909161 0.7007818362438074 0.03594179839497094 0.054692874848756866
0 0.6789233521022429 0.606239582816449 0.11384539268533982 0.0606617748542644
0 0.7224663654060962 0.5662902581948177 0.042127953663061365 0.027111940668711688
0 0.7473489612386054 0.5442009485132683 0.019250180331872143 0.031020232974632387
0 0.7725051658293997 0.6263975076489122 0.024161684756650967 0.031121933914401472
0 0.7682146949057547 0.7028910814041982 0.03736887128415069 0.03866378303602921
0 0.27686657737970205 0.7021945260029417 0.30113947112602896 0.22635969221133395