0 0.13560471976401178 0.9717060367454069 0.08112094395280237 0.05658792650918621
0 0.4056047197640118 0.9106036745406824 0.14258112094395275 0.10937007874015738
0 0.5448967551622419 0.9536220472440945 0.06719764011799419 0.0670866141732282
0 0.5379351032448378 0.8304199475065617 0.05982300884955744 0.05102362204724424
0 0.45436578171091446 0.8267716535433071 0.049985250737463106 0.058320209973753354
0 0.4625516224188791 0.7553280839895012 0.10078171091445434 0.07582677165354328
0 0.5576106194690266 0.5956430446194225 0.045073746312684286 0.04228346456692917
0 0.5977581120943952 0.6590813648293964 0.06637168141592921 0.04375328083989491
0 0.6448672566371682 0.748766404199475 0.0704719764011799 0.09769028871391083
0 0.7108259587020649 0.6860629921259842 0.03523598820058995 0.05396325459317571
0 0.6866666666666666 0.5920209973753281 0.11308259587020643 0.058320209973753354
0 0.7296755162241888 0.5511811023622047 0.04178466076696171 0.026246719160104987
0 0.7542625368731564 0.5285826771653543 0.018849557522123854 0.03062992125984256
0 0.7804867256637168 0.610236220472441 0.023761061946902508 0.03062992125984256
0 0.7771976401179942 0.6867979002624672 0.03687315634218289 0.03790026246719175
0 0.2859734513274336 0.696272965879265 0.29825958702064903 0.2201837270341207