0 0.21189860863712698 0.6596260731360915 0.21590022430501732 0.270703321778995
0 0.2161016979476391 0.383533058855001 0.12002286569131947 0.10336492818368671
0 0.10971524674552963 0.3786069419667207 0.03958997554248277 0.042309515849897
0 0.5960975129412069 0.5661023680002383 0.19151745787505234 0.19729094560239005
0 0.9465049177671097 0.42549276373315664 0.1069901644657807 0.11275273898103655
0 0.8329744331300003 0.35718275304608255 0.10224220364722242 0.11632465197082563
0 0.9018901597395573 0.27647678024683237 0.0725843134983856 0.057895731386032594
0 0.6872436038640453 0.3633201765611132 0.07147626291777782 0.09252601741870346
0 0.6330494297349568 0.3140216071808707 0.04960700517776047 0.031724091048961706
0 0.4249472519232902 0.3914981431384597 0.11793318108956612 0.06301743643857965
0 0.5310665864841496 0.3464042154072869 0.10311371941479167 0.06362769927148823
0 0.41151297513780405 0.2615490989715204 0.10078204868074664 0.06490613835351396