0 0.203125 0.6701333333333334 0.2125 0.2597111111111111
0 0.2109375 0.39444444444444443 0.11875 0.09722222222222222
0 0.1046875 0.3840222222222222 0.0390625 0.04028888888888888
0 0.5882875 0.5965333333333334 0.1890625 0.1875111111111111
0 0.94375 0.47431111111111113 0.1125 0.10693333333333334
0 0.8277375 0.4 0.10078750000000014 0.1111111111111111
0 0.8976625 0.3229111111111111 0.071875 0.05417777777777777
0 0.682025 0.3986 0.0703125 0.08888888888888889
0 0.6285125 0.3465333333333333 0.04922499999999999 0.029177777777777768
0 0.4195375 0.4132 0.1171875 0.056955555555555544
0 0.526175 0.3736222222222222 0.10235 0.058333333333333334
0 0.4078125 0.2826444444444444 0.1 0.059733333333333326