0 0.635961038961039 0.6834642032332563 0.09172727272727273 0.11404157043879906
0 0.5344935064935065 0.6004618937644342 0.0414025974025974 0.04041570438799076
0 0.6022727272727273 0.5910854503464203 0.07467532467532467 0.056304849884526546
0 0.5933506493506493 0.5261200923787529 0.05844155844155844 0.05339491916859124
0 0.5316623376623376 0.5304618937644342 0.03571428571428571 0.030323325635103916
0 0.547077922077922 0.48933025404157043 0.04220779220779221 0.023094688221709007
0 0.334012987012987 0.6942956120092378 0.04789610389610389 0.0779445727482679
0 0.4094935064935065 0.6069515011547344 0.0414025974025974 0.05919168591224017
0 0.4655064935064935 0.609122401847575 0.046272727272727264 0.04330254041570439
0 0.5024415584415585 0.6502540415704388 0.04220779220779221 0.036096997690531166
0 0.46955844155844156 0.7419168591224018 0.04463636363636364 0.037528868360277134
0 0.5620909090909091 0.9353348729792148 0.06088311688311688 0.1125866050808314
0 0.3384805194805195 0.9359122401847575 0.10551948051948051 0.12817551963048499
0 0.8591688311688311 0.6329330254041571 0.275155844155844 0.3160969976905312