0 0.640433212550183 0.7032045513734385 0.09247349132506935 0.1168888019304389
0 0.5384225635090416 0.6170526709511713 0.04166705316325835 0.04170084866030388
0 0.606140430551789 0.609780107068039 0.07504374932931976 0.05862278575836614
0 0.5967932588841457 0.5445378061533581 0.05879094228078595 0.05520895593942224
0 0.5351333573004079 0.5469647909476067 0.03591270309357035 0.03143190366172274
0 0.5502798013104281 0.50631165381296 0.042358909785312704 0.02440482588953143
0 0.3385560347459882 0.7046634368334602 0.04840612572023583 0.07943127666178461
0 0.4134650275483248 0.6196622552483055 0.041789911753782584 0.06047683018455329
0 0.46949221961359877 0.6235718094061671 0.04655607273057846 0.044738854418920136
0 0.5066964249542278 0.665849920368196 0.0424439889814569 0.03740713535835333
0 0.4744130937362902 0.7564920398971047 0.044881929699834636 0.03891438933390956
0 0.5682111709804926 0.9477720322513447 0.06161981507352972 0.10445593549731073
0 0.344604559309541 0.9403466530710537 0.10635818307471978 0.11930669385789264
0 0.8623491321393381 0.6596017846510662 0.27530173572132394 0.3246378859268854