0 0.6547615327721907 0.3397689563085043 0.05797809071950269 0.034169862420417856
0 0.5242300474452214 0.274199489990334 0.049884939222407186 0.03072361992146587
0 0.24171626150745543 0.6008107718345345 0.20958633263817666 0.12506553067280127
0 0.4015203824667924 0.5490919213838764 0.05709590868464875 0.06820858669596482
0 0.48101486809168603 0.6653653550446542 0.21023839311784515 0.1450085506158212
0 0.33283262676886066 0.8497928600985478 0.13807675659170468 0.16519976445106055
0 0.7066421879933398 0.9192262891730401 0.10667672694771908 0.05912082168763462
0 0.9415573821688681 0.46188168043812466 0.08428221167883976 0.07592227621254898
0 0.718175200134014 0.4444536839267895 0.13309590868464874 0.07388236337048208
0 0.7770491847161727 0.39813823191998765 0.07102466646805032 0.03656487827608668
0 0.6833765935497835 0.36463216216484373 0.07944384820498021 0.04998263074654872
0 0.7517861992402413 0.3012630491700827 0.0481643937136937 0.03912131855598711
0 0.6035327898107817 0.2590424891878265 0.03202466646805056 0.0336533349825844
0 0.3388683960970881 0.3143266057705635 0.04302466646805055 0.03447453950126458
0 0.3857615327721907 0.35985113953804565 0.005512333234025277 0.01604279045073393
0 0.30665466944729336 0.41478219779222764 0.23107399940415144 0.11103842404064579
0 0.06382726061368256 0.4734096603233593 0.0763506967078847 0.04690966302881491
0 0.15827930627135822 0.4983313940533729 0.07795618143900548 0.06550283650357709
0 0.15823962349169346 0.3469952671251894 0.032512333234025276 0.018058474269312383
0 0.3638369107701187 0.2371482937565059 0.03193151497095505 0.030804332133581552
0 0.3978860213763272 0.9500921010089632 0.13269863622821618 0.031221975591682834