0 0.6675 0.3896011396011396 0.057 0.029914529914529916
0 0.5345 0.3141025641025641 0.049 0.027065527065527065
0 0.262 0.6203703703703703 0.206 0.10968660968660969
0 0.4205 0.5804843304843305 0.055 0.0641025641025641
0 0.504 0.7029914529914529 0.206 0.12962962962962962
0 0.3615 0.8767806267806267 0.133 0.15527065527065528
0 0.7385 0.9743589743589743 0.105 0.05128205128205128
0 0.959 0.5334757834757835 0.082 0.0698005698005698
0 0.7345 0.49928774928774927 0.131 0.0641025641025641
0 0.792 0.45726495726495725 0.07 0.03133903133903134
0 0.697 0.4166666666666667 0.078 0.04415954415954416
0 0.7635 0.35826210826210825 0.047 0.03561253561253561
0 0.6135 0.30484330484330485 0.031 0.03133903133903134
0 0.35 0.34045584045584043 0.042 0.03133903133903134
0 0.3985 0.3896011396011396 0.005 0.01566951566951567
0 0.321 0.43874643874643876 0.228 0.09401709401709402
0 0.0795 0.4793447293447293 0.075 0.04131054131054131
0 0.175 0.5113960113960114 0.076 0.05982905982905983
0 0.17 0.3596866096866097 0.032 0.01566951566951567
0 0.3725 0.26495726495726496 0.031 0.02849002849002849
0 0.43 0.9821937321937322 0.132 0.021367521367521368