0 0.6384587523262519 0.7426496554463207 0.2012565155954894 0.12700328780443398
0 0.665965504789797 0.6130582276562699 0.14454246457944833 0.0967426614851817
0 0.7953279798442372 0.5907872814832056 0.10052847350211465 0.09785535330820791
0 0.9519697655369902 0.6229893804544144 0.09606046892601966 0.06890640510186594
0 0.8152519101280556 0.7088635413991394 0.1095811091323094 0.0844866377639944
0 0.645335398100738 0.9316641013217265 0.13643982894925386 0.1102107123136516
0 0.9058333957541913 0.8092715874692464 0.16615043140873978 0.08610154990252876
0 0.9245421954316088 0.9207612237492988 0.0793333632448838 0.06987531963925937
0 0.33240718138844516 0.62974504647056 0.13130347350211452 0.10107329370082341
0 0.2047341088983125 0.6586335923328485 0.07927730400369398 0.06843606730281081
0 0.14949708517437799 0.8139560279366261 0.061999693319058906 0.11674228480596824
0 0.3503148228850064 0.9708745043817578 0.1618701301789966 0.058250991236484445
0 0.40047847604206865 0.767171051677502 0.11211181180143853 0.12484896233445482
0 0.4363616547938558 0.4837982321301206 0.08503980400369386 0.06903861422441725
0 0.7128677140350456 0.5141440521851239 0.14144094855655454 0.06633576935360593
0 0.41215361815167917 0.366000014268009 0.0773625249455597 0.04388682684449934
0 0.551969893310941 0.3784789092076682 0.09410493963388873 0.0556712057234173
0 0.8160911929309775 0.41191608675359104 0.36781761413804503 0.12744700942879256
0 0.35949335234248764 0.2924727759918586 0.0653212198169443 0.029745846518819667
0 0.26256492370769885 0.28736377919183853 0.05372766057575454 0.027100193295943903
0 0.23557569576230925 0.5286834787935043 0.06632883007417512 0.0556150053973244
0 0.36067078107398026 0.5317301192626801 0.13651633007417502 0.0629540530433583
0 0.9138234915408543 0.6826469899140569 0.07683754989111946 0.07962946742320391
0 0.8464726037778151 0.5023504416770803 0.12775493963388868 0.05918976605522896
0 0.29672709208119796 0.3653977423667689 0.06519888039269887 0.05121529764929347
0 0.3695801341745728 0.39163097049600365 0.04958714342793939 0.043849318107191365