0 0.1396211876800891 0.5943549110706546 0.18940488215779205 0.17968022104587983
0 0.07209176657797489 0.4509657852414522 0.13806741754355276 0.0880678026182336
0 0.3362680578549205 0.5536476458760378 0.046948992978878286 0.0666778435580856
0 0.7434011147826249 0.730607976320815 0.16942819495010228 0.11606609800991421
0 0.9146731189370113 0.7487700941390146 0.08484181394861573 0.06602142109798023
0 0.9162734486846817 0.8662844471783393 0.13087736946086231 0.13845351923079713
0 0.7731258749224016 0.3367750364076858 0.08368891797575004 0.0557998790884689
0 0.909713077647375 0.3722359976684173 0.07246575005673128 0.04058978951255463
0 0.8617329731720245 0.5652969503797821 0.2211592232379974 0.10751789689559642
0 0.6235801171321992 0.5198992588305751 0.08211039825769907 0.08184421956066534
0 0.5289813058090498 0.4165909894954811 0.03253001962954845 0.038244040816949314
0 0.5258329580572969 0.2701262668415778 0.06543881504018018 0.037291966594051144