0 0.14926517571884984 0.6032093023255813 0.18670926517571884 0.1686046511627907
0 0.07937699680511182 0.45567441860465113 0.1367891373801917 0.07995348837209301
0 0.3454472843450479 0.5741395348837209 0.045926517571884984 0.06395348837209303
0 0.7557987220447284 0.7754418604651163 0.16773162939297126 0.10611627906976744
0 0.9275239616613419 0.8037906976744186 0.08386581469648563 0.061046511627906974
0 0.9310063897763577 0.9215116279069767 0.1287859424920126 0.1308139534883721
0 0.7792492012779553 0.383 0.08287539936102235 0.050883720930232544
0 0.9165335463258786 0.42660465116279067 0.07188498402555911 0.03632558139534885
0 0.8715974440894568 0.617 0.21964856230031948 0.09448837209302324
0 0.6324920127795527 0.5574186046511628 0.08087859424920127 0.07704651162790696
0 0.5361501597444089 0.44839534883720933 0.03194888178913738 0.036348837209302313
0 0.5306549520766773 0.30160465116279067 0.06490415335463258 0.03344186046511627