0 0.5563590611704422 0.8719372229120552 0.18794148801910032 0.25612555417588967
0 0.4510602252780017 0.5672795087960835 0.14155507213985138 0.16809688316185997
0 0.6760651871199004 0.5494637116719858 0.1257018936467304 0.1165544682085152
0 0.7224516029991495 0.4554798454209087 0.07170387440943689 0.07156056205970268
0 0.6234833515015371 0.42181071583632973 0.09429812622353531 0.14816761956650248
0 0.5546688641154087 0.4641632836230615 0.06448165145127885 0.06176561696484365
0 0.45165051887839863 0.35821536958198713 0.06273066769334754 0.1714474375911564
0 0.5426177866180798 0.2820572327949794 0.1055431610699257 0.08440801578452377
0 0.538986827771406 0.3674536986636914 0.0634003010884591 0.04647975886788392
0 0.755994523097159 0.2794020488205222 0.09764881551642937 0.08016054592603818
0 0.9577194530454831 0.55168222229261 0.06014138103285873 0.15892319663361087