0 0.5734375 0.8694444444444445 0.1828125 0.2611111111111111
0 0.462109375 0.5625 0.13828125 0.16666666666666666
0 0.68671875 0.5423611111111111 0.1234375 0.11527777777777778
0 0.73125 0.4479166666666667 0.0703125 0.07083333333333333
0 0.631640625 0.4152777777777778 0.09140625 0.14722222222222223
0 0.563671875 0.4583333333333333 0.06328125 0.06111111111111111
0 0.45859375 0.35347222222222224 0.059375 0.17083333333333334
0 0.548046875 0.2763888888888889 0.10390625 0.08333333333333333
0 0.54609375 0.36180555555555555 0.0625 0.04583333333333333
0 0.761328125 0.27152777777777776 0.09609375 0.07916666666666666
0 0.968359375 0.5416666666666666 0.05703125 0.15833333333333333