0 0.20361055141152873 0.8310370431316262 0.0696513817938903 0.1295557894470363
0 0.3015688751988701 0.6654820271037019 0.10755301359854835 0.09654272876055216
0 0.39624837077532615 0.8193017647072403 0.0805601642694009 0.12274399204064229
0 0.37754650547190005 0.5490497523516373 0.13349456065113968 0.11541057921874417
0 0.45144460456449015 0.4164079231952247 0.04284763467503846 0.05440268841388914
0 0.5078227183470561 0.4427453609980078 0.05866913633032899 0.10679831260983604
0 0.6151367203733341 0.40598103118886436 0.06879782426045608 0.04648232971724428
0 0.4726155978888786 0.33985914641640613 0.03538151194325792 0.04298315495575988
0 0.45567904485957966 0.7208255644744757 0.15094456065113965 0.1157710214667364
0 0.4278738612508696 0.33089563619753193 0.03479891213022806 0.02324942714510903
0 0.3442401735680678 0.3354355147944317 0.051465578796894625 0.023593689082064263