0 0.1109375 0.7581395348837209 0.096875 0.09922480620155039
0 0.29010416666666666 0.5968992248062015 0.03854166666666667 0.027906976744186046
0 0.5666666666666667 0.8255813953488372 0.1875 0.1875968992248062
0 0.5640625 0.5116279069767442 0.15104166666666666 0.09612403100775194
0 0.64375 0.41007751937984493 0.13333333333333333 0.05426356589147287
0 0.39739583333333334 0.4263565891472868 0.084375 0.043410852713178294
0 0.31354166666666666 0.39147286821705424 0.03958333333333333 0.02945736434108527
0 0.5432291666666667 0.3736434108527132 0.121875 0.043410852713178294
0 0.6541666666666667 0.33565891472868215 0.09583333333333334 0.03565891472868217
0 0.5911458333333334 0.3054263565891473 0.07395833333333333 0.034108527131782945
0 0.5536458333333333 0.3271317829457364 0.053125 0.034108527131782945
0 0.35208333333333336 0.34651162790697676 0.06875 0.04496124031007752
0 0.39895833333333336 0.38527131782945734 0.07708333333333334 0.04806201550387597
0 0.44635416666666666 0.25813953488372093 0.05520833333333333 0.02945736434108527
0 0.4036458333333333 0.29457364341085274 0.051041666666666666 0.040310077519379844
0 0.4703125 0.33565891472868215 0.051041666666666666 0.03255813953488372
0 0.5536458333333333 0.2813953488372093 0.071875 0.02945736434108527
0 0.6052083333333333 0.24108527131782945 0.052083333333333336 0.02945736434108527
0 0.5359375 0.24728682170542635 0.04895833333333333 0.023255813953488372
0 0.1890625 0.6348837209302326 0.065625 0.13488372093023257