0 0.1465564698337256 0.7504491205886276 0.1015367874629007 0.10594037924796998
0 0.3181477318731787 0.5767886108983752 0.039852794390607474 0.030578763870180974
0 0.6054541951665826 0.7862989035504259 0.19631369192204673 0.200594782540457
0 0.5880998416055817 0.4725259413354946 0.15555777327135162 0.10659454812313728
0 0.6630162934990194 0.36545145332944384 0.1358827483521073 0.06350650513815784
0 0.4174269513379848 0.39880829756439357 0.08641453201501909 0.0492599002052211
0 0.3319338750163921 0.3697375188947715 0.040967301486382016 0.03220136192994493
0 0.5607837100816522 0.33598565446875817 0.12391453201501908 0.051859476868351295
0 0.6699366195685104 0.2903107440496338 0.09750866320281328 0.042302277312237034
0 0.6054953978675746 0.2644469189134149 0.0755608227737054 0.03923546999517852
0 0.5690151638750841 0.2887519219331342 0.05472748944037207 0.03779126073788404
0 0.3683631692389318 0.32210449145869907 0.07086237244412695 0.04972713085914952
0 0.4170591799666274 0.357614710552267 0.0793413866356758 0.053405589755865825
0 0.45848209811311924 0.2271973515461855 0.056592301486382016 0.033284518872915746
0 0.4174855148638198 0.2665920890507711 0.05293551782347012 0.04384839019975147
0 0.48608245290184376 0.30305589074525807 0.052571315677930976 0.03609645221525526
0 0.5668663712164033 0.24301548782460705 0.07325896815304868 0.03443988627875146
0 0.6165350200595998 0.19913099239342322 0.05346730148638201 0.033067887484321545
0 0.5475555484426978 0.21013453856152448 0.05005093976995075 0.026649705708130536
0 0.21889065571965366 0.6217775219202847 0.07196211733238063 0.13943298009071037