0 0.6704545454545454 0.3161200923787529 0.09090909090909091 0.04041570438799076
0 0.6221558441558441 0.36808314087759814 0.059259740259740255 0.04330254041570439
0 0.6213506493506493 0.5311778290993071 0.04464935064935064 0.057736720554272515
0 0.49757142857142855 0.5737644341801386 0.08928571428571429 0.07651270207852193
0 0.4115324675324675 0.6661431870669746 0.16558441558441558 0.11981524249422632
0 0.6814155844155845 0.6748036951501155 0.20211688311688325 0.10826789838337181
0 0.6972467532467532 0.8559584295612009 0.16883116883116883 0.19341801385681293
0 0.36972727272727274 0.4416859122401848 0.046272727272727264 0.04041570438799076
0 0.05763636363636363 0.4561200923787529 0.10714285714285714 0.057736720554272515
0 0.5300389610389611 0.3038337182448037 0.048701298701298704 0.02743648960739029
0 0.7313376623376623 0.4344803695150115 0.04383116883116883 0.028868360277136258
0 0.5844155844155844 0.24683602771362587 0.045454545454545456 0.037528868360277134