0 0.6725230428556471 0.24667866407302785 0.091173546669752 0.04983149127690264
0 0.6245643561063672 0.30364418563471074 0.0595430857175913 0.04944028835486219
0 0.6248263536336227 0.46682227082600725 0.045027144593152185 0.062361217029140895
0 0.5013257936673499 0.5222291423122986 0.08978636682003992 0.08576034991584609
0 0.4158913029384711 0.6235192649332832 0.16636841357659227 0.13696542575617301
0 0.6858310889131582 0.6042269919680702 0.20282532232029954 0.1292018828622483
0 0.7028476240223984 0.7837420343480723 0.17009677854290356 0.2109044752219349
0 0.37261739639735386 0.4033919069629802 0.04653718303338821 0.045208339914446914
0 0.06062093579239509 0.45015048349118275 0.10752065108665859 0.06883389795906152
0 0.5320270638888218 0.2489356453452094 0.04888082638339309 0.03248066115502161
0 0.734180637323557 0.358733054218541 0.04402006580306953 0.03340811467000452
0 0.5860307290841245 0.18630596914204958 0.045700111518016305 0.04223676180473304