0 0.099075 0.3770875 0.07407500000000002 0.04304999999999993
0 0.14907499999999999 0.28125 0.04259166666666668 0.02916249999999998
0 0.09213333333333333 0.25625 0.04722500000000001 0.034724999999999964
0 0.04351666666666667 0.23541250000000002 0.037033333333333335 0.034725000000000034
0 0.16296666666666668 0.16945 0.037033333333333335 0.019450000000000002
0 0.38333333333333336 0.1875 0.04814999999999998 0.030549999999999997
0 0.33935000000000004 0.2201375 0.045366666666666715 0.034724999999999964
0 0.31435 0.32847499999999996 0.06203333333333338 0.03194999999999993
0 0.43286666666666673 0.253475 0.039816666666666646 0.02638750000000002
0 0.21110833333333334 0.6548625 0.09815000000000003 0.06527500000000003
0 0.47129999999999994 0.515275 0.17777499999999993 0.10555000000000007
0 0.7046333333333333 0.50695 0.1 0.04722499999999997
0 0.72315 0.6798625 0.15370000000000006 0.09305000000000006
0 0.5282416666666666 0.4375 0.12314999999999998 0.061112499999999986