0 0.0946869421359205 0.3788167629961744 0.07457596036343986 0.0443429109910835
0 0.14580217532595918 0.2838519670063557 0.04293102222064609 0.02990589836600613
0 0.08915142640809617 0.2578581025894275 0.04762908475308824 0.03554926893761625
0 0.040777239685057316 0.2361720433901945 0.03743741808642157 0.03537138277020766
0 0.1609948261652757 0.17229443327051774 0.03725966734190256 0.020096382770207696
0 0.3811514502173062 0.19419073074472365 0.048505501489037976 0.0313904139618046
0 0.3367883237629097 0.2260605421171008 0.04577075141975494 0.03551683343857121
0 0.31052763169846914 0.3339616901120101 0.06240512621630444 0.03303273477529828
0 0.4299170516115468 0.2610302895174767 0.040123730350528984 0.027082463293441064
0 0.20348788836229673 0.658547201781654 0.0989095862421263 0.06698811797198602
0 0.46530389427940844 0.5235011079999694 0.17900325473544892 0.10865289910819996
0 0.6987341032230934 0.519248726714149 0.10054954362748997 0.04897040802036259
0 0.7152386372801597 0.6924844180992529 0.1547827958610473 0.0957326921272977
0 0.5231506060626032 0.4467199724168976 0.12386114843695055 0.06326196997707668