0 0.6025423728813559 0.37142857142857144 0.11016949152542373 0.045714285714285714
0 0.7305084745762712 0.4007142857142857 0.13389830508474576 0.05285714285714286
0 0.6296610169491526 0.41214285714285714 0.07457627118644068 0.03571428571428571
0 0.5572033898305084 0.45357142857142857 0.07033898305084746 0.05
0 0.661864406779661 0.4514285714285714 0.12203389830508475 0.04
0 0.7923728813559322 0.44142857142857145 0.07627118644067797 0.05142857142857143
0 0.673728813559322 0.5128571428571429 0.09661016949152543 0.054285714285714284
0 0.6063559322033898 0.48642857142857143 0.08728813559322034 0.05
0 0.44661016949152543 0.52 0.14067796610169492 0.06857142857142857
0 0.5186440677966102 0.5928571428571429 0.17457627118644067 0.08571428571428572
0 0.3173728813559322 0.5564285714285714 0.06694915254237288 0.07285714285714286
0 0.21906779661016948 0.5757142857142857 0.10423728813559321 0.06
0 0.7182203389830508 0.8571428571428571 0.11440677966101695 0.08
0 0.29972881355932207 0.7917428571428572 0.5851864406779661 0.29022857142857156