0 0.5858460831227736 0.37142857142857144 0.11222441949571091 0.045714285714285714
0 0.7124957465867237 0.4007142857142857 0.1362743155503903 0.05285714285714286
0 0.6111345569670332 0.41214285714285714 0.07618168366322753 0.03571428571428571
0 0.5368146513753166 0.45357142857142857 0.07258656051834905 0.05
0 0.6415719930730763 0.4514285714285714 0.12383196027908602 0.04
0 0.7725299831428478 0.44142857142857145 0.07858298040725104 0.05142857142857143
0 0.650675090392664 0.5128571428571429 0.09905039645624125 0.054285714285714284
0 0.584490214269554 0.48642857142857143 0.08953571306072193 0.05
0 0.4232353638295101 0.52 0.14376035805712548 0.06857142857142857
0 0.4919942206819498 0.5928571428571429 0.17842926113072893 0.08571428571428572
0 0.2923605549675944 0.5564285714285714 0.07022419399501786 0.07285714285714286
0 0.19318854748436684 0.5757142857142857 0.10693438109659499 0.06
0 0.6796904395401685 0.8571428571428571 0.11800290360901931 0.08
0 0.28162753887929737 0.7917428571428572 0.5632550777585947 0.29022857142857156