0 0.6891386531865632 0.13331342120148626 0.06302176862709678 0.053019722590027796
0 0.729700785566021 0.17794359228060624 0.08470564717289362 0.05607391924057583
0 0.7752207291425343 0.08849774439583086 0.07615655155133855 0.04833330380874932
0 0.8209286044160096 0.21092930034111737 0.05138495634016839 0.04788261003537142
0 0.7865651680621758 0.28959558567307353 0.099538211678542 0.07565230503746517
0 0.37272768647258064 0.8133231134755864 0.1540051877565373 0.24311183458005178
0 0.5331774618198608 0.5822916605681662 0.2389416847615011 0.21252771949594385
0 0.27333153588878595 0.4694873922912556 0.22555297851443226 0.17458848893028392
0 0.43714449969020813 0.4046115794849056 0.10283310685690114 0.10573536932447428
0 0.08209703595554899 0.30176592956671705 0.10034575567278708 0.079979345339647
0 0.18302670774287205 0.33829658114511396 0.07861684654608538 0.06982067107715868
0 0.293341114968139 0.3257739449913203 0.060669509185697086 0.04857713144102149
0 0.2548493392809655 0.2433292647595392 0.07620158213224337 0.05543778142068969
0 0.23979425933665088 0.1882795685600833 0.05758916008921767 0.04977886556826819
0 0.3082739056537915 0.1767360658121303 0.0505323817650186 0.03645109212124923
0 0.37456370247400167 0.24575268192016808 0.14543644710209716 0.11175674461824107
0 0.507578424981233 0.2727753982726762 0.08087167725678199 0.06145607575220772
0 0.3642943535681765 0.09364244950126785 0.04441842838190056 0.048793642558501785
0 0.1804666387799155 0.11662174616920573 0.037684231692928345 0.0837954436451416
0 0.26949660955550914 0.05455169833090973 0.11147054941132963 0.10910339666181947
0 0.1822980306668103 0.04131397306243383 0.06553617600057779 0.08262794612486767
0 0.3913172782239048 0.031274025686929656 0.09809263919102641 0.06254805137385931
0 0.7626121530852163 0.9096505154684584 0.09798895533247272 0.0748203362801931
0 0.9748970605735006 0.2789715600607391 0.0502058788529988 0.05934210341767213
0 0.6208945139962626 0.016623895623897298 0.03990139939161364 0.033247791247794596
0 0.5388852999535263 0.028542122912704953 0.056997876405788024 0.057084245825409906