0 0.6879674796747968 0.18477611940298508 0.06271544715447162 0.048328358208955216
0 0.7282276422764228 0.2324179104477612 0.08439024390243899 0.04976119402985071
0 0.7742926829268293 0.14641791044776117 0.07588617886178856 0.042656716417910426
0 0.8192032520325203 0.2722089552238806 0.051105691056910485 0.04405970149253729
0 0.7843577235772358 0.34826865671641793 0.09910569105691064 0.06823880597014921
0 0.3673983739837398 0.8408059701492537 0.15253658536585377 0.23170149253731345
0 0.5292357723577236 0.6218805970149254 0.23770731707317083 0.19474626865671643
0 0.27022764227642276 0.4897014925373135 0.2245528455284553 0.15779104477611944
0 0.4343739837398374 0.4371044776119403 0.10221138211382116 0.09808955223880601
0 0.08014634146341464 0.30776119402985075 0.0998861788617886 0.07250746268656715
0 0.18079674796747966 0.351820895522388 0.07821138211382117 0.06397014925373136
0 0.2911382113821138 0.3475522388059702 0.060390243902439 0.04405970149253729
0 0.2531869918699187 0.2622686567164179 0.07588617886178864 0.04976119402985071
0 0.23848780487804877 0.2061194029850746 0.05730081300813009 0.04549253731343286
0 0.3070081300813008 0.19970149253731345 0.050325203252032505 0.03268656716417907
0 0.3728292682926829 0.27364179104477615 0.14479674796747968 0.10092537313432837
0 0.505609756097561 0.3105970149253731 0.080520325203252 0.055432835820895504
0 0.36352845528455285 0.12083582089552238 0.04413008130081299 0.04549253731343282
0 0.17964227642276423 0.13005970149253732 0.03717073170731705 0.08101492537313433
0 0.2690731707317073 0.06680597014925374 0.11073170731707312 0.11656716417910447
0 0.18195121951219514 0.054716417910447755 0.06504065040650407 0.07817910447761194
0 0.39102439024390245 0.0462089552238806 0.0975609756097561 0.08388059701492538
0 0.7564878048780488 0.9662388059701492 0.0975609756097561 0.06752238805970151
0 0.9738699186991869 0.35182089552238804 0.05226016260162618 0.055432835820895504
0 0.6206016260162602 0.0462089552238806 0.039495934959349534 0.06397014925373135
0 0.538520325203252 0.057582089552238806 0.056520325203252016 0.07534328358208954