0 0.3300476383822262 0.6218804828884695 0.04088006304605041 0.056683999335046635
0 0.41555368149344585 0.6226999037299562 0.09052564233463545 0.048986299105074974
0 0.355700471956814 0.5427846410555693 0.044672664323611055 0.049515390305499424
0 0.6699814908472002 0.6973780471253721 0.09747522855707458 0.056721469291567864
0 0.6979048493316402 0.6612095833285712 0.046398491878732795 0.03486913888807095
0 0.5388485424003686 0.771648751635103 0.0701314785570748 0.05527931361934244
0 0.6183811535326602 0.8112704376208306 0.06440848202400185 0.06381983778313212
0 0.6845369680868051 0.8627336717066487 0.08861797682361106 0.05183314049300475
0 0.6748265344220699 0.969696183470934 0.09899730492478298 0.06060763305813191
0 0.7906510662657764 0.9946622505501028 0.0593892910570748 0.010675498899794411
0 0.5366656704165575 0.9612118329809374 0.07485599935863707 0.07757633403812521
0 0.4426222250206593 0.8322611778512604 0.04574014580156249 0.05546660087997128
0 0.43132275052421826 0.8995669771437922 0.06215987034565973 0.04454278536575249
0 0.23945258204466105 0.761024539468111 0.04546738886770835 0.037767485835723494
0 0.22123720768602384 0.8648687089646304 0.05546031131258683 0.05303180396981991