0 0.33935546875 0.6039823008849557 0.0400390625 0.05457227138643068
0 0.4248046875 0.6002949852507374 0.08984375 0.04424778761061947
0 0.36376953125 0.523598820058997 0.0439453125 0.0471976401179941
0 0.68017578125 0.661504424778761 0.0966796875 0.051622418879056046
0 0.70751953125 0.6238938053097345 0.0458984375 0.032448377581120944
0 0.55029296875 0.7426253687315634 0.0693359375 0.051622418879056046
0 0.63037109375 0.778023598820059 0.0634765625 0.06047197640117994
0 0.697265625 0.8259587020648967 0.087890625 0.0471976401179941
0 0.689453125 0.9491150442477876 0.09765625 0.08702064896755163
0 0.8056640625 0.974188790560472 0.05859375 0.051622418879056046
0 0.55126953125 0.9476401179941003 0.0732421875 0.10471976401179942
0 0.455078125 0.8082595870206489 0.044921875 0.05309734513274336
0 0.44482421875 0.8761061946902655 0.0615234375 0.04129793510324484
0 0.2509765625 0.7477876106194691 0.044921875 0.035398230088495575
0 0.234375 0.8525073746312685 0.0546875 0.05014749262536873