0 0.1322222222222222 0.5033333333333333 0.12222222222222222 0.04666666666666667
0 0.04666666666666667 0.5816666666666667 0.09333333333333334 0.07666666666666666
0 0.09888888888888889 0.8033333333333333 0.19777777777777777 0.1
0 0.4288888888888889 0.5816666666666667 0.19555555555555557 0.11666666666666667
0 0.68 0.42333333333333334 0.13777777777777778 0.07333333333333333
0 0.6066666666666667 0.32666666666666666 0.07555555555555556 0.02666666666666667
0 0.042222222222222223 0.30666666666666664 0.08444444444444445 0.05333333333333334
0 0.21933333333333335 0.7007333333333333 0.11015555555555553 0.06523333333333331
0 0.4169111111111111 0.3746333333333333 0.06666666666666667 0.03913333333333336
0 0.7555555555555555 0.15143333333333334 0.0714888888888888 0.03913333333333332
0 0.7739111111111111 0.36883333333333335 0.05991111111111119 0.03333333333333333