0 0.3761978853303994 0.4771351621420949 0.07112391849017936 0.05267897449820149
0 0.15415953533232984 0.8019153150707274 0.16079947660976743 0.197378628167185
0 0.2375900476227871 0.8610541645277726 0.08661863258958505 0.1144470687726357
0 0.35793434973669236 0.6840046840242971 0.09547471655248548 0.10237665992104136
0 0.45708938549601236 0.6874106436327052 0.09708849962211585 0.0959625781507225
0 0.5957752407899356 0.6888456537511429 0.0794157775364479 0.0736893140835925
0 0.520432929720719 0.8112471785125905 0.09399212825197997 0.11212407502469356
0 0.3804415553599109 0.8485243790720077 0.1018904029908741 0.12313441461008476
0 0.4397442132861788 0.9176134988482408 0.1295476588727067 0.06717577295164953
0 0.6714712532794159 0.862959638367782 0.1308596065639545 0.10050910628498286
0 0.4425854978363831 0.48662802410325573 0.03643444816446731 0.02479911303060798
0 0.5476708867977255 0.44902364412627255 0.15909394461114515 0.15404529483385165
0 0.7998583191970434 0.6027279818195533 0.3337614950019621 0.27703052040150017
0 0.9504053179419888 0.781005680733644 0.0991893641160224 0.19742835784799714
0 0.6912314068243759 0.36297808818515 0.10338253441986131 0.13212182473019018