0 0.6189822862335235 0.8182 0.266827894766642 0.1902999999999999
0 0.6342351833038444 0.49166666666666664 0.21108618910051694 0.09
0 0.7392730199294734 0.3883333333333333 0.18223671100605512 0.05
0 0.7544313651270809 0.31333333333333335 0.12447789339500828 0.04
0 0.6790739381788015 0.2833333333333333 0.10782993848491111 0.03333333333333333
0 0.6336438998956921 0.25666666666666665 0.0966464644491312 0.02666666666666667
0 0.7021108643289516 0.21666666666666667 0.06659181964038803 0.02666666666666667
0 0.4228720845044451 0.41 0.12473240568215431 0.04666666666666667
0 0.4286247750266329 0.36666666666666664 0.08895876771194818 0.04
0 0.5248595403339829 0.315 0.07491579709543654 0.03
0 0.37414091978776126 0.32666666666666666 0.0914364958619603 0.03333333333333333
0 0.3206376496870868 0.36833333333333335 0.06398683534680258 0.03
0 0.054880487782001386 0.7533333333333333 0.10976097556400277 0.1
0 0.6113360599163232 0.35433333333333333 0.1254887510734884 0.05073333333333333