0 0.49443902127333417 0.900969971170174 0.3705458763925928 0.15303976553956497
0 0.3122236911831117 0.6337249962484559 0.19170685227940745 0.06832183152014429
0 0.623888964334297 0.584090744818834 0.17829593475155547 0.06505501267110607
0 0.5927238079010376 0.4805897660005827 0.10759767700088901 0.03737050584848621
0 0.47419651408140784 0.46950405208615414 0.11069825775066666 0.02905799707759986
0 0.5472181171211855 0.40045013283109576 0.12728734022281477 0.026821295919796675
0 0.7287317056720375 0.49157413471055383 0.14015656190451864 0.07076122308686258
0 0.72597746676663 0.39185503358695833 0.10000139351548153 0.06376975530379253
0 0.9540357716304447 0.4595294569299854 0.09192845673911051 0.031638070799148
0 0.2716944238081856 0.37204671317080407 0.10755888490362964 0.03596601146646374
0 0.09710452786037087 0.5014569436491861 0.11155168389037041 0.05995687348209424