0 0.7545991159228369 0.6037361365702048 0.2367561505017719 0.16197806213572485
0 0.711156338656068 0.4690561172098073 0.24082636218033432 0.10536957376716771
0 0.433384840510673 0.3947553679995958 0.08999753298685992 0.0507563178754242
0 0.19530018575997218 0.5185261497812246 0.3478585898376189 0.13628103377088413
0 0.24770092746013012 0.3663455748145903 0.1477959436660193 0.03792719645904034
0 0.06758774557185496 0.38457335914719665 0.10029065462357661 0.03085328170560672
0 0.06481419158217662 0.3495830555302149 0.0982006025155845 0.03416722227290355
0 0.20729873562370504 0.32000858517054437 0.08874042176090917 0.024089651208757536
0 0.39167724413398514 0.8452983654486182 0.7173561489055561 0.3027366024360968
0 0.9445638500333972 0.5361415300011854 0.11087229993320562 0.17650909451387803
0 0.6316001208081171 0.39761333805078486 0.11787683355799274 0.05606151556433995