0 0.5616761911397715 0.20939604862963032 0.07954137384320126 0.042637862613629715
0 0.5226317533289728 0.141294074364371 0.068125848729046 0.042249941641037105
0 0.5678874370262212 0.4616833888524452 0.0910685477682072 0.09294819939170376
0 0.7097112475081759 0.41308269138474163 0.1138995979965177 0.09372404133688898
0 0.788838381631307 0.7663412275545195 0.09138784827936502 0.09961486605837043
0 0.4478731278729814 0.6278817633210376 0.10444787739403597 0.08674703789214827
0 0.3105988178347505 0.3427612064828152 0.04285204322232555 0.03806318216799999
0 0.2812935774545298 0.3100471531901485 0.04072858845507334 0.041318931306814854
0 0.22271545221742162 0.4349293833828892 0.08798719146748228 0.07620394853051872
0 0.20573616888037266 0.5745802545075558 0.10131851964858296 0.11659186950311133
0 0.4534158731864518 0.30063806533932064 0.06708932055746816 0.05582586267042681
0 0.3763104036848658 0.19785512028194122 0.07786366684424707 0.05329671512022529
0 0.4196086156966366 0.4874947251449043 0.027315878097981614 0.05301000686108295