0 0.3333760874048046 0.5823563895382222 0.1083034520957178 0.10537029594379646
0 0.35691366257964563 0.48478319651613827 0.07858479854423364 0.07540317178716426
0 0.46656982675477127 0.5439721871888512 0.06972890230022392 0.06109911566266457
0 0.571569435428955 0.5792454108535312 0.07144416816643319 0.061293260220897615
0 0.5803335892262007 0.448258250140681 0.0699385774849464 0.07109911566266437
0 0.7079461669381886 0.47105535306239354 0.06500245507104128 0.08051668198796468
0 0.4670488922311686 0.726124215251101 0.15909453813939903 0.16100048813256157
0 0.49861241848405513 0.90177084536155 0.10928193629108958 0.15203696261046312
0 0.898751272883936 0.2270229653515876 0.1649771174088645 0.11511039969882803
0 0.5036300302958524 0.2524667892370503 0.11096517481748705 0.06909191839359645
0 0.34222322807588834 0.32441134532135546 0.06951922711550144 0.05109911566266447
0 0.2648236703874403 0.243814028975958 0.0662983705678054 0.06071082654619791
0 0.20795926208378587 0.29083766416670975 0.057722041236759086 0.059740103755031554
0 0.12660790322542168 0.31671286992974573 0.09909809721050396 0.0743995731526302
0 0.2252386090567629 0.4097369932530592 0.09773228998549893 0.09087209526106355
0 0.33781421214809804 0.37068972287155555 0.05579710018582734 0.049545959196798224
0 0.7444341415077459 0.3298411719479425 0.059227631918245864 0.04993424831326479
0 0.5917374053800599 0.15775815682562186 0.05283365178758677 0.03634115224037198
0 0.4390460708151726 0.1666375345103301 0.04706409664254917 0.044367470623302506
0 0.3794170238377763 0.17659456524445466 0.05672459642620555 0.04399772071065385
0 0.3291369300618857 0.14985371065749664 0.03426667028412362 0.037132742337958574