0 0.45883566141963683 0.7199343477438198 0.22809414495548083 0.10839262284391679
0 0.6994035255841291 0.8517475713682343 0.13629341307491585 0.12100842383389894
0 0.6084774612179555 0.6427936695217323 0.11832152356731669 0.06422540057101325
0 0.5735563035909214 0.572551259946276 0.09512225544788165 0.0507175323433512
0 0.46190410794922665 0.6116688890916144 0.09762225544788165 0.050736925109387696
0 0.4440721885385339 0.5099052585947652 0.08674817029858786 0.03399268737857483
0 0.6414236522996637 0.4847803168280016 0.16459780435830537 0.04126052979237367
0 0.7508466396281102 0.5222808724342386 0.09959780435830509 0.0407563178754242
0 0.5489762138816409 0.43741551058402034 0.0888985362388702 0.027345413477944856
0 0.11193895488217889 0.6572678424137987 0.15954524277632817 0.08786901816093064
0 0.16050557171035643 0.5826750905005657 0.10227262138816406 0.04410904397479404
0 0.20698295032219233 0.5397199161049444 0.11512225544788166 0.050872674471643224
0 0.26831179269515804 0.47022412802189384 0.06872371920901145 0.023856938016319305
0 0.3328136223965703 0.43740470298852824 0.07122371920901145 0.023876330782355806
0 0.286965818038265 0.39706532958288915 0.10907335326872897 0.030833888939570217
0 0.41460578813517146 0.35307375341678804 0.1038985362388702 0.027461770074163876
0 0.3745795073441829 0.3760871061105189 0.06604890217915269 0.02050421191694947
0 0.531528775463618 0.39063248732113454 0.05854890217915269 0.020446033618839957
0 0.8567786973191943 0.3536049155116292 0.10571114763185449 0.08918404953085636
0 0.9434864939329748 0.4949052105174574 0.11302701213405043 0.18800379179429985
0 0.562551435180378 0.3469909928924013 0.057512716218702166 0.019271803773418982
0 0.6276360559406712 0.3452967562306337 0.04018963571183974 0.02060349678847151
0 0.5021231683991298 0.32406471767066924 0.07014799897574847 0.03243116786174028