0 0.6049220615595052 0.7648348765284091 0.23114853119850326 0.20045320789912693
0 0.5868016297186658 0.4566762357926859 0.1857957310618131 0.1073087411421443
0 0.660929737563286 0.3522286615429978 0.14805369662710935 0.07451365958038214
0 0.6674248222206542 0.27977587818708555 0.10386720730057031 0.04786116689245622
0 0.5598392868389896 0.3299151358378438 0.12961127369089062 0.0664494521328343
0 0.41778591014774374 0.39442879541822595 0.10177620157410941 0.051019807628179405
0 0.4134662141593908 0.35460348801583613 0.08333377863789067 0.04295560018063156
0 0.48425262252484474 0.2955926452601733 0.05323626308219542 0.027351263078366515
0 0.6025334665189822 0.25466727092016933 0.07603213518378896 0.03243152238780112
0 0.5673967509480992 0.2339543265509881 0.08055702206161701 0.032780907583021414
0 0.14516548349961983 0.7467894479123235 0.10417632954845488 0.09768647429484607
0 0.6185926380693665 0.19151571717381652 0.05549870652110945 0.02752595567597666
0 0.3696394768462689 0.3195019677382903 0.08089989748652351 0.03944757424968808
0 0.46822231569797856 0.22283773221324416 0.05573568153261201 0.03607690000885839
0 0.41677680458006994 0.2595395144051302 0.0449169742912306 0.0540000849086429
0 0.6811149116128488 0.18601880018322955 0.03296209633363743 0.031429974032756956
0 0.3280587169634364 0.36825941772456977 0.05650657324242043 0.03178709808514024