0 0.05422200921111124 0.456182998769357 0.10844401842222248 0.07228842384892005
0 0.36248528885917336 0.44591616151068686 0.05108239370369018 0.044380578145550846
0 0.5726234994283526 0.2585548346275815 0.08501724421896417 0.06174540802036271
0 0.6648718179393542 0.32380811678331384 0.0903837723251071 0.03519510188838695
0 0.6230229180589717 0.38128813952891427 0.052827571452821784 0.031086031657114575
0 0.5251624560816739 0.31425183017182445 0.05098414755962867 0.03438057814555094
0 0.4897095382688083 0.5802397270527945 0.08695891425621838 0.06845086153192635
0 0.39972349845530397 0.6667306852535227 0.16055537925446756 0.11329688181624059
0 0.6176822601808881 0.542877232505787 0.04535562973598911 0.03426421761086014
0 0.671735777883206 0.6756881110969137 0.2016346843397034 0.09415019240397365
0 0.6914614604940047 0.8644674931465619 0.17819415316318987 0.19031263008697996
0 0.7442256650687218 0.5554953445363311 0.12293368095280764 0.10252114491830165
0 0.4051060138603922 0.28886520554548106 0.027886370000669493 0.01650660290091025
0 0.735348035342043 0.47542892561844513 0.07239476494213441 0.06381731801909041