0 0.14198589169781312 0.4940958098713632 0.12312746310075384 0.05520555390042053
0 0.05794984761693562 0.5784063642683243 0.09482051477663525 0.08318727146335145
0 0.11447196401218297 0.7964245972987506 0.19971757966034548 0.11381747206916543
0 0.44017206983915785 0.5517029351009484 0.1978186577518846 0.13032888624067293
0 0.6882118279695367 0.37582606981462957 0.13920029915832755 0.08295898803320143
0 0.6130033528163878 0.2842827354882153 0.07607283605757352 0.031945251502078234
0 0.04817094799542992 0.30371686925864255 0.08547900544848056 0.059232928149381504
0 0.23292617172511296 0.685409912061124 0.11142095298361722 0.07292919951837291
0 0.42417825556383737 0.3455064127165229 0.06742577580337815 0.043790908188108234
0 0.7584930622063907 0.0986474849792181 0.07224799802560028 0.044127806102603584
0 0.7810657470546484 0.31476509936920344 0.06055771173863377 0.03751894060282439