0 0.46954405941862565 0.8485954012930099 0.21830604545019397 0.15091807779243385
0 0.2634677862810361 0.8002838977941096 0.13352726099369852 0.11124572660570818
0 0.42194252520005243 0.7095329809084776 0.2167878714543949 0.09054874182450141
0 0.5353066563473163 0.6127403701986895 0.11260504414936447 0.066607942725822
0 0.3799854300480354 0.5282413369529683 0.08757272287263682 0.04762906823537205
0 0.05963691586561501 0.8175429079513372 0.11927383173123002 0.22205704124018266
0 0.25864349961144095 0.4609341739966658 0.08066059970492002 0.061571862079921276
0 0.48646571914471903 0.4043480376617888 0.07230302541404114 0.04897990642270348
0 0.739339997747482 0.6425833212585107 0.06259696383018283 0.05496598321860631
0 0.7242723082684331 0.5472475206651642 0.06258080319181893 0.04744718622612511
0 0.6736829079733532 0.5063673812390529 0.07787474160796046 0.05737454352751527
0 0.8854960808428931 0.7924153691228595 0.2224969530744065 0.16285315336540365
0 0.5840077872896011 0.4469206932990473 0.05779678504806327 0.0308712752609095