0 0.3290578415419254 0.455505320780984 0.08790801377896305 0.04113457922033405
0 0.320337980751481 0.4143862337679456 0.06085342613970378 0.028285477921769768
0 0.3007203276621474 0.6170607844172278 0.06767526119540737 0.03337275324641098
0 0.2609502932147399 0.7175407987027538 0.09465226464014818 0.04372185454497526
0 0.41187851651799906 0.7930334662360088 0.21760046403185204 0.1402928103885148
0 0.8461844393137771 0.6486542077966585 0.05488501722370377 0.050698202597128844
0 0.6235479702156289 0.6828061123409748 0.05829593475155548 0.05324184025944931
0 0.515337980751481 0.41183343052219384 0.05069825775066666 0.023154564934808095
0 0.7547574928080737 0.37371333766627485 0.1478304295844445 0.039420057142103955
0 0.8981670168204441 0.42306509935533126 0.044109175278518556 0.025567289610167167
0 0.8473523827779995 0.4499696642901394 0.044031591084000184 0.023067289610167022
0 0.9415751473173327 0.5274541720828436 0.07744250861185188 0.026003666233372514
0 0.9274673655542957 0.498900541563286 0.06054308936162973 0.01828547792176977
0 0.6571168431634808 0.5674133733800899 0.06418675947303712 0.028329115584090233
0 0.7107591197594068 0.6104433519518008 0.04077584194518522 0.025523651947846417
0 0.5825338016249619 0.9307424889641802 0.12031312380903728 0.11902731818121878
0 0.05923177330595677 0.23870224675358911 0.048779609673672605 0.02145512784390867
0 0.36931696369816835 0.5067572317422379 0.04929709625111116 0.03813012784390878
0 0.11381545728152273 0.20952424401360517 0.04899529373443409 0.028405127843908674
0 0.1634422818326131 0.19083189762424674 0.04328972348926963 0.022782689324456554