0 0.6434098265564355 0.6427947919460788 0.27134688592100076 0.20893161378424036
0 0.29029724260764367 0.8591507065892133 0.44793996945948683 0.28169858682157345
0 0.7635004246813354 0.9531599466210332 0.3348896253077292 0.09368010675793358
0 0.8879769095478474 0.7877720624163493 0.1622354066004694 0.14396353393914713
0 0.32312683737485987 0.4709133807538141 0.39665532333552034 0.1814978752669553
0 0.6710470302669759 0.4153153473361208 0.15604979183762738 0.07380828144398814
0 0.8588738634635407 0.47749807289352647 0.14407468775644094 0.10652060479668497
0 0.9507499361836025 0.5585894356722292 0.05244481265386488 0.062328787427387435
0 0.6191964057798581 0.21252080242325586 0.15550650013676848 0.06047494811065481
0 0.4703254524112391 0.3007673188838323 0.19258063557907937 0.07218272555740554
0 0.39277026506510365 0.2370412590000124 0.08482738551069512 0.04054797904564566
0 0.2073627962894596 0.2384247455186789 0.19618561476284205 0.0790046447192314
0 0.688239973637782 0.15729251899310578 0.10149405217736178 0.04132424152144153
0 0.5823203330597961 0.13399110581467927 0.13496320843590978 0.04621009980636653
0 0.333616322514909 0.17250242117290124 0.2493831251709607 0.07815535130844467
0 0.7472156300330987 0.10326514474414487 0.1828522814295087 0.07838363473859479
0 0.5543435720362191 0.3698038837579705 0.13883983347010181 0.059698685634859035
0 0.6768562961526909 0.31372630691703374 0.06482738551069511 0.0396164640746908
0 0.028288108533018535 0.7119406561894895 0.05657621706603707 0.11054797904564566
0 0.3177058925912253 0.06055072337757557 0.13671572564349768 0.05411019171261827