0 0.24457981330408662 0.6083333333333333 0.21038471258760286 0.11666666666666667
0 0.46935773930125707 0.705 0.16588822546816492 0.11666666666666667
0 0.32973153563813756 0.8716666666666667 0.1439418398742458 0.15666666666666668
0 0.6997698922902061 0.9666666666666667 0.11462140521567867 0.06
0 0.15951435414028645 0.5016666666666667 0.08171178512368077 0.056666666666666664
0 0.07033229848282584 0.475 0.08849207655561034 0.05
0 0.34655118870274587 0.44666666666666666 0.13311129852114437 0.05333333333333334
0 0.23537133832719906 0.445 0.07863345567239685 0.03666666666666667
0 0.22291536907820503 0.40166666666666667 0.045601100734303034 0.03
0 0.7379073192699317 0.5033333333333333 0.0902203226998371 0.03333333333333333
0 0.9441853936627552 0.53 0.07061585748062521 0.07333333333333333
0 0.2454445359242907 0.3304333333333333 0.07233243016337815 0.028999999999999963
0 0.34179273346756833 0.3405666666666667 0.052407032023125556 0.040566666666666626
0 0.7460657112315273 0.35363333333333336 0.051163028426047016 0.03476666666666669
0 0.4037065660000042 0.5811666666666666 0.0726055288470365 0.06376666666666665