0 0.38260896804060435 0.5153690361138039 0.2960452676990859 0.13672426933205298
0 0.28419090466217733 0.4225179759789036 0.14593924436469893 0.11464992398817155
0 0.12031219157073696 0.4891885791378574 0.09965333902352082 0.05010339585391137
0 0.18664448349321067 0.625196950477105 0.26616409687318776 0.19344066567953178
0 0.396883074243256 0.7414291053800073 0.48803476953113306 0.1664258912471803
0 0.7764361226941225 0.6326573237906223 0.4014742743095472 0.2837469167489788
0 0.8128232510097964 0.8564441289896955 0.1019420735958918 0.11677006252057823
0 0.9105817916828826 0.39798253496204467 0.11170947785129613 0.044699653668983694
0 0.80364157923067 0.48205072639015883 0.18079502567720754 0.13151944587037387
0 0.7216786943152396 0.4090982386474908 0.22038976960249673 0.07248005577495292
0 0.5968380075770184 0.38200685810620977 0.15114955445282355 0.061741509307356446