0 0.8137090364556632 0.4318507730113882 0.06269648006355488 0.057000552314130266
0 0.6348831960810066 0.3157103830488609 0.2537132529285513 0.08854550095737997
0 0.150066283824819 0.6208630724465247 0.24960897835452844 0.3043972300727584
0 0.08868496398202187 0.888610650849336 0.10970296072004616 0.21611203163466144
0 0.5955547576716288 0.8093776020296579 0.38283363074283056 0.28921327225230714
0 0.7869466727909219 0.6440239398148234 0.08145374509857367 0.07808713571584784
0 0.5465712501026087 0.5048841021664265 0.13319460823850918 0.08787772966245257
0 0.41271477517232835 0.5999038787337972 0.06212303118860582 0.04366721898079694
0 0.35453763426411167 0.39455864975518734 0.06226639340734315 0.04700055231413027
0 0.7216713874226527 0.4040182681492503 0.11472406764096478 0.07345781292740175
0 0.7417472419435431 0.4796662628768067 0.048413487959184855 0.03618561476284204
0 0.8618774369369492 0.5609368040989756 0.058365569351643436 0.060062239797034254
0 0.8309425468539302 0.7282457938276254 0.06298320450102927 0.06366721898079694
0 0.39624142745988034 0.2951076131216193 0.171886080208238 0.05365587564965068