0 0.5633484162895928 0.8083333333333333 0.22171945701357465 0.18333333333333332
0 0.5610859728506787 0.5 0.18099547511312217 0.09333333333333334
0 0.6402714932126696 0.40166666666666667 0.14479638009049775 0.06333333333333334
0 0.6504524886877828 0.33 0.10180995475113122 0.04
0 0.5407239819004525 0.37166666666666665 0.12669683257918551 0.056666666666666664
0 0.39592760180995473 0.425 0.09954751131221719 0.043333333333333335
0 0.3936651583710407 0.385 0.08144796380090498 0.03666666666666667
0 0.4671945701357466 0.33166666666666667 0.05203619909502263 0.023333333333333334
0 0.5871040723981901 0.3 0.0746606334841629 0.02666666666666667
0 0.5531674208144797 0.27666666666666667 0.07918552036199095 0.02666666666666667
0 0.10633484162895927 0.755 0.09954751131221719 0.09
0 0.6063348416289592 0.23833333333333334 0.05429864253393665 0.023333333333333334
0 0.35180995475113125 0.3466666666666667 0.07918552036199095 0.03333333333333333
0 0.45495475113122175 0.2579666666666667 0.05409502262443445 0.03189999999999998
0 0.4018325791855204 0.2905666666666667 0.04230769230769228 0.05073333333333333
0 0.6688914027149321 0.23766666666666666 0.03147058823529405 0.028999999999999963
0 0.30789592760180995 0.39203333333333334 0.055090497737556615 0.027533333333333302