0 0.37362602848860144 0.8316160536757506 0.13852765677911874 0.10027404675183163
0 0.4796987419761163 0.7677131056227186 0.08266180646438771 0.058819458007813526
0 0.25304578270035 0.6167492917722441 0.13395392285168453 0.08349101298564354
0 0.42986759674660446 0.6013748839782217 0.06925089944126045 0.04847035670924924
0 0.5575936587311863 0.6113871047561302 0.08025857896597978 0.035427941124719385
0 0.6865342634132712 0.6080950839755856 0.04914746785486866 0.03461337142806921
0 0.5655524417851499 0.5882574138469594 0.11798464095056146 0.02975039480398512
0 0.42506192019238986 0.5045627584371534 0.08480645499681587 0.04887764155757433
0 0.18805605072043255 0.4847879070110173 0.035736560831741274 0.024264270129504932
0 0.2994546488436384 0.507942054542339 0.06475473920362004 0.04168732294306096
0 0.35212938425632506 0.45097603462838276 0.03129211638729683 0.024147903029983507
0 0.8007193504491344 0.78778729522981 0.19633129245349462 0.10512015237894388