0 0.3004448886746469 0.4704923209728357 0.09039609663698722 0.0426485470416867
0 0.29429086333154003 0.4289367193911026 0.06256398310459531 0.029333609490398517
0 0.26207729077345887 0.6310292506154586 0.06969682851755209 0.03453734387822052
0 0.21608704918099084 0.7299087114824373 0.0972958526767989 0.04535228142950871
0 0.362194611946828 0.8120946024023445 0.22615324885631025 0.14401950041030573
0 0.8051310721563776 0.6864854704168668 0.05799512079623393 0.05162987510257636
0 0.580550788325398 0.7109613020217835 0.061561543502712465 0.05423174229648737
0 0.48929086333154004 0.4348959502348977 0.052097804358305286 0.02402800790866536
0 0.7308874478889038 0.40717945459953614 0.1501630072638422 0.04198215653208507
0 0.8711091157394306 0.4628606775346657 0.04566422706478382 0.02632427352084335
0 0.8186616773214077 0.48758266962600033 0.04543113769163862 0.023824273520843348
0 0.9079860287340057 0.5692868182494201 0.07899756039811716 0.027342945459953683
0 0.8956665565251738 0.5400784158768205 0.06163162561201527 0.019333609490398373
0 0.6212728994900695 0.5968781067669828 0.06589731643792864 0.02943547668430952
0 0.6721938354600314 0.6423089154665148 0.042330893731450485 0.026222406326932342
0 0.5241416070507061 0.9484549770946151 0.12762186720448332 0.10309004581076976
0 0.33870593775842006 0.5201242770707143 0.04940708134402333 0.03473993532342405
0 0.04439264616892715 0.24093734387822052 0.06478010198973504 0.02137427129297933
0 0.102486001640486 0.21553547000071732 0.04637496781163148 0.022182889694833962
0 0.1457050435322986 0.20015880992460516 0.037400363682489134 0.024675717567700418