0 0.6718919059010343 0.6466925324874991 0.264477506529488 0.21046738187786748
0 0.3299548517223303 0.8594617482284288 0.4382762662476976 0.28107650354314234
0 0.8071160339229282 0.9550164764051013 0.3306981395773147 0.08996704718979724
0 0.9219683657527065 0.7931278106415928 0.15606326849458696 0.14487721875434317
0 0.3443137792306513 0.47290599125503907 0.39095024553578933 0.18377236725371934
0 0.6888968347608663 0.41932000844102163 0.15372118865406378 0.07470252615673303
0 0.8792071190174505 0.48261081983813275 0.14058178298109547 0.10733708909962578
0 0.9746531526362905 0.5642562255366884 0.05034906978865744 0.0626203889641522
0 0.6277332687986751 0.21617554168403919 0.15364361758991776 0.0613691928233997
0 0.48328596263071594 0.3035764136879982 0.19036846255469375 0.07329081139711112
0 0.4029368928420586 0.23938379134535487 0.08354665375973507 0.04103398160692014
0 0.21799507114016814 0.23968835217799228 0.1937405814201002 0.08013217066138793
0 0.6940605620597028 0.16133606030290856 0.10021332042640173 0.041907444594970776
0 0.5872872351798353 0.13741256384605086 0.13356604652577156 0.04698770390440548
0 0.3409114600037163 0.17448531162290068 0.2470545219873971 0.07959391888981684
0 0.7503975517037486 0.10763916779561422 0.18040724808676675 0.07943340027094745
0 0.5703307882350948 0.37311842122586175 0.1369769509232511 0.06049572983534896
0 0.6899720220634191 0.31774068807316 0.06354665375973506 0.03998582602125926
0 0.04579732583244495 0.7121836574701267 0.08395390184650191 0.11103398160692014