0 0.3727454603687099 0.4771351621420949 0.0708389564298495 0.05267897449820149
0 0.14877813642379162 0.8019153150707274 0.15963770820996084 0.197378628167185
0 0.23174832538602358 0.8610541645277726 0.08593910767649056 0.1144470687726357
0 0.3531447951073009 0.6840046840242971 0.09488287227333882 0.10237665992104136
0 0.4521902300741863 0.6874106436327052 0.09654049565994284 0.0959625781507225
0 0.590744564417188 0.6888456537511429 0.07899929452519647 0.0736893140835925
0 0.5146679280386597 0.8112471785125905 0.09333452349737231 0.11212407502469356
0 0.37455599280617363 0.8485243790720077 0.10116703776080575 0.12313441461008476
0 0.43335448708724233 0.9176134988482408 0.12921885649540285 0.06717577295164953
0 0.665234968189888 0.862959638367782 0.1303116026017817 0.10050910628498286
0 0.47741016104571704 0.5082429928429667 0.044463265308892705 0.04580945261599898
0 0.43901251200301555 0.48662802410325573 0.03630292721354584 0.02479911303060798
0 0.5442513420737661 0.44902364412627255 0.1582171382716684 0.15404529483385165
0 0.7952112455978171 0.6027279818195533 0.3322270839078779 0.27703052040150017
0 0.9477200985273415 0.781005680733644 0.10455980294531704 0.19742835784799714