0 0.5054856856516647 0.29892097432629827 0.08599628595049859 0.08147390010608405
0 0.5825284226505222 0.22357306038612787 0.04992344989292506 0.05418664392106621
0 0.5685194987598823 0.43006518625075824 0.07527313521590107 0.10127996588159931
0 0.46135933167984294 0.5682422045406017 0.10103456100403618 0.055078741353696045
0 0.4855655758603317 0.5236494664120196 0.07169305167588139 0.031241179036702343
0 0.7246398949947468 0.6328578390833386 0.05775399768913227 0.1143030044557571
0 0.75928165972904 0.7951838821132533 0.08957636949051827 0.1515126869509811
0 0.6896629399023694 0.43051240263097523 0.04580230576224191 0.07077573689793894
0 0.6588836790477502 0.2982639332908544 0.059329619283832166 0.08100845796732065
0 0.46599441621095217 0.38659493129638345 0.04058194056477027 0.030698163208145102
0 0.45642659666316454 0.42143978391679565 0.0403879603765136 0.020698163208145104
0 0.4833076835051413 0.3535524992997772 0.02934150932815467 0.023837562316993702
0 0.5212437713382077 0.17415369539567996 0.03600817599482133 0.023953922851684507