0 0.262522667771426 0.6302396706260012 0.4202626247579581 0.2858707053040871
0 0.24099589881569047 0.40488237023006773 0.07824772704702702 0.04358863348275027
0 0.10822465784662857 0.8920774722620525 0.13280826909232743 0.20258306240849833
0 0.6187697957010582 0.6852240411025853 0.14583907747406927 0.14992865973406347
0 0.6673342536557577 0.8394174603689781 0.08939501185512029 0.1406432605259304
0 0.7864010463217338 0.7872708533840577 0.12500574414073592 0.1489587587927798
0 0.8077738042479125 0.6248282659643639 0.1659931811410812 0.1275652273420142
0 0.8619690372224996 0.5141186753248851 0.23958907747406927 0.1542932139698409
0 0.6981648384353301 0.4235445495218227 0.08774545409405406 0.08397659385926384
0 0.7581962459344668 0.36249549355289457 0.13328768899896393 0.0761103759300884
0 0.5842806848651347 0.5120668528910247 0.15010277695021018 0.15345597325565374
0 0.46689201626814536 0.3993589450171378 0.07287102233229727 0.07329766320036507
0 0.9248228580117412 0.7492028405049176 0.1038813123789789 0.13798885785149576
0 0.4714096316536857 0.7087285094053033 0.06778541604599107 0.11300669291798006