0 0.25205376947952235 0.614966258006056 0.20895135112930013 0.12178681904561055
0 0.47801933782785794 0.7173058207743934 0.16445486400986226 0.12068133160015672
0 0.3404407933908852 0.8806560251046986 0.14201704020166783 0.1600994961025496
0 0.7116463158018574 0.9767699480486385 0.11388424789426572 0.04646010390272295
0 0.1656778084109882 0.5060886164484818 0.08101558098679092 0.05864490735853129
0 0.07616812727734414 0.47718188311602716 0.08787777878776633 0.05215279134114686
0 0.3520389154288192 0.4556851168795791 0.13245604756877744 0.05659161211993402
0 0.24083858846101094 0.45125473159927804 0.07818297064264457 0.038586723808770484
0 0.22785022781321873 0.40757229696738034 0.045232522073596564 0.03110548744545383
0 0.7440912501328948 0.5221266199060476 0.08981079085460769 0.035544308224241
0 0.9506969500019019 0.5539425307265384 0.06971488742112052 0.0750206562763943