0 0.6019610383089045 0.766139767760963 0.26927006944171866 0.22177706636549468
0 0.6295330691207034 0.44526611724891324 0.2119469150865836 0.10475498642572915
0 0.7355591466932976 0.33474943526094864 0.18271489210942546 0.06281354084339635
0 0.7514347635459605 0.25887578474889883 0.12486043827770425 0.04873650512049759
0 0.6763642452597033 0.2343118323794306 0.10814872588715796 0.04090497110443114
0 0.6072412279109579 0.31217518466819394 0.15126462338880622 0.06851842340664538
0 0.6333029925667985 0.2619214017904801 0.062442014027589185 0.043437518189365205
0 0.6311892368983915 0.2109456232027297 0.09690149437092861 0.03346172620483136
0 0.7000387462143473 0.1661890815260144 0.06684684956218545 0.03132613606426531
0 0.41895099945680886 0.37883979840355886 0.1251787080453 0.05540317178716416
0 0.42511811360191754 0.33521524823287563 0.08934131259464413 0.04621262586346489
0 0.5218469993827501 0.2768505943071609 0.07520270575745874 0.03524190307229844
0 0.37101680324574215 0.29919521167665786 0.09175528326420715 0.03974010375503156
0 0.3171150488922591 0.3445506249497568 0.06427374400882471 0.034465324839365416
0 0.05151728068829714 0.7479943579819182 0.10303456137659428 0.1087365051204976
0 0.49659865051433244 0.19941435096118063 0.08579716378415558 0.03642657584599462