0 0.2290024404269996 0.6076234201780767 0.15569825775066667 0.05445154113499219
0 0.16167491459144398 0.7470170772131809 0.16639651550133336 0.09538389862757223
0 0.5074292702147772 0.8146176543460211 0.29814215987799997 0.20750454603111412
0 0.7879851930105553 0.542194611946828 0.11319825775066676 0.05048902179152644
0 0.8435358901232773 0.648500223031159 0.17883832735544444 0.09321601215996414
0 0.9384465176312218 0.7877430708118359 0.08982752583555566 0.14149146139340948
0 0.4851381544084441 0.44729818213718897 0.1833146340424446 0.06368219090625417
0 0.29615644696149973 0.4066796411628783 0.06314006960477783 0.0424939009952926
0 0.4299656802439998 0.31932590438619146 0.08296550516711107 0.034358615980452784
0 0.7709892831559841 0.3433726114732841 0.06593314973546796 0.04664796841202076
0 0.10362037991365387 0.9357261367825959 0.20724075982730775 0.12750278522202543
0 0.28807894542371965 0.4990833426393239 0.09525812883273552 0.04795110431940998
0 0.47047148155089985 0.276612790671991 0.08090563408504238 0.035031818467409055