0 0.411904422403002 0.8183505036744221 0.14153123923695451 0.09786901816093063
0 0.5148713838487805 0.7507626806210209 0.08442252721553271 0.05738419901001786
0 0.2814634138822377 0.6077504391397639 0.13643964626506583 0.08116356596219096
0 0.4573535023159712 0.5862087142398609 0.07070090476573278 0.04726784241379884
0 0.5853901395047267 0.5917602968594277 0.08129429705488847 0.034031472910647835
0 0.7140201689826379 0.5839688497626428 0.05018318594377737 0.033759974186136785
0 0.5922619093440825 0.5683590888449666 0.11881321542168861 0.027694483266602107
0 0.448044485301239 0.4895905294882854 0.08625646032128846 0.04740359177605436
0 0.20746205162653916 0.47668494822022933 0.0364615634939775 0.02364361758991758
0 0.3227477891566611 0.4973528874360153 0.06599760091031057 0.04056239021505898
0 0.3727049915328285 0.43856382410082384 0.03201711904953299 0.023604832057844572
0 0.8364354989291026 0.7596270925954107 0.19943844672022124 0.10170656341121363
0 0.3158399716867735 0.38070697102900775 0.040803915433335385 0.030779106351764465