0 0.8005629467633112 0.4731252644400544 0.061235803431071274 0.05385693801631931
0 0.6252062133908031 0.3479615371412179 0.2517048225588865 0.07550532312942333
0 0.1328576872483722 0.6272667312013249 0.24166654916539912 0.2920556331998709
0 0.06426427653268756 0.891230329430845 0.10395154647964218 0.21087267447164323
0 0.5724578084204827 0.8384851418242039 0.3755302475804128 0.26988586582872853
0 0.768049168858166 0.6834355486966388 0.07944531472890888 0.07401208014461153
0 0.5318731914882429 0.5321287594141214 0.1310035932897839 0.08112478043011796
0 0.39564311703017685 0.6199880811920341 0.06102752371424318 0.04052360468298597
0 0.34317174421759905 0.41208138871150407 0.06107959364345014 0.043856938016319305
0 0.709438220625603 0.44057733813120004 0.11289822185036047 0.0676363049684926
0 0.7274143524872984 0.5170985590525928 0.0475005650638827 0.03374058142010009
0 0.8451253018081535 0.6044234685520272 0.05681360042962972 0.05715148581757963
0 0.8096714433933885 0.7697531455746481 0.06133994328948571 0.06052360468298597
0 0.38752301380974413 0.3150171703410888 0.170699280444345 0.04480718355210873