0 0.24 0.63 0.155 0.04
0 0.175 0.7633333333333333 0.165 0.08
0 0.5225 0.8633333333333333 0.295 0.18
0 0.79875 0.6166666666666667 0.1125 0.04
0 0.85625 0.7283333333333334 0.1775 0.07666666666666666
0 0.95375 0.8766666666666667 0.0875 0.13333333333333333
0 0.49375 0.49333333333333335 0.1825 0.04666666666666667
0 0.30375 0.435 0.0625 0.03666666666666667
0 0.43625 0.36 0.0825 0.02666666666666667
0 0.77825 0.4159333333333333 0.06522500000000007 0.04056666666666672
0 0.11412499999999999 0.9463666666666668 0.21739999999999998 0.1072333333333332
0 0.297275 0.5267999999999999 0.09457499999999996 0.03913333333333336
0 0.476075 0.321 0.08042500000000004 0.027533333333333302