0 0.37861187044666056 0.7002223546486424 0.11006331647102258 0.06168154933736427
0 0.5366409376891855 0.6975505340964554 0.14868476742709505 0.08792705104419686
0 0.4873450832779638 0.7601401650402233 0.1333643528682171 0.08009551702813042
0 0.4730808871022533 0.8520174141868071 0.1727868402214841 0.12300768540162968
0 0.503757206659285 0.6352207993976561 0.11708269463270597 0.05226398301206416
0 0.44029596298265156 0.6103671854418242 0.12612145095607247 0.03304056124499728
0 0.4068831647102262 0.5629403784639082 0.038781658235511426 0.029578835040165737
0 0.31331928191952935 0.9621833486546314 0.1691653892654118 0.07563330269073731
0 0.5772779346031764 0.9488813359136793 0.3559276693392397 0.10223732817264136
0 0.7142431546167604 0.7564736577476846 0.12262435938250292 0.11781702845463467
0 0.9445399322187531 0.8994503020396863 0.11092013556249385 0.1303131010616668